#-------------------------------------------------
#MESH_DATA
#-------------------------------------------------
MESH_INIT START
	POS= 0.00 0.00 0.00
	PIECE_SIZE= 5.00 5.00
	PIECE_NUM= 20 20
	TEXTURE_PASS= data/TEXTURE/field000.jpg
MESH_INIT END

RELATIVE_HEIGHT START
	VERTEX_NUM= 441
	ELEVATION 0.00 0.00 0.00 0.00 0.00 0.00 0.00 0.00 0.00 0.00 0.00 0.00 0.00 0.00 0.00 0.00 0.00 0.00 0.00 0.00 0.00 
	ELEVATION 0.00 0.00 0.00 0.00 0.00 0.00 0.00 0.00 0.00 0.00 0.00 0.00 0.00 0.00 0.00 0.00 0.00 0.00 0.00 0.00 0.00 
	ELEVATION 0.00 0.00 0.00 0.00 0.00 0.00 0.00 0.00 0.00 0.00 0.00 0.00 0.00 0.00 0.00 0.00 0.00 0.00 0.00 0.00 0.00 
	ELEVATION 0.00 0.00 0.00 0.00 0.00 0.00 0.00 0.00 0.00 0.00 0.00 0.00 0.00 0.90 0.00 0.00 0.00 0.00 0.00 0.00 0.00 
	ELEVATION 0.00 0.00 0.00 0.00 -2.75 -1.50 0.00 0.00 0.00 0.00 0.60 0.30 2.40 2.40 1.20 0.00 0.00 0.00 0.00 0.00 0.00 
	ELEVATION 0.00 0.00 0.00 -2.57 -1.59 -2.27 -0.60 0.00 0.00 0.60 1.80 1.80 2.40 2.40 0.90 0.00 0.00 0.00 0.00 0.00 0.00 
	ELEVATION 0.00 0.00 -0.28 -2.03 -0.42 -1.66 -2.83 0.00 0.00 0.30 1.80 1.80 0.00 0.00 0.00 0.00 0.00 0.00 0.00 0.00 0.00 
	ELEVATION 0.00 0.00 -0.30 -2.87 -2.07 -2.64 0.00 0.00 1.50 2.12 -1.53 0.45 6.00 3.90 1.20 0.00 0.00 0.00 0.00 0.00 0.00 
	ELEVATION 0.00 0.00 0.00 -0.29 -0.55 0.00 0.00 1.50 2.00 -3.45 5.17 1.98 4.53 4.20 2.40 0.00 0.00 0.00 0.00 0.00 0.00 
	ELEVATION 0.00 0.00 0.00 0.00 0.00 0.00 0.90 2.40 -1.90 4.27 1.73 5.71 -2.08 3.30 0.00 0.00 0.00 0.00 0.00 0.00 0.00 
	ELEVATION 0.00 0.00 0.00 0.00 0.00 0.00 0.00 1.80 -1.08 0.14 2.79 -1.09 0.00 0.00 0.00 0.00 0.00 0.00 0.00 0.00 0.00 
	ELEVATION 0.00 0.00 0.00 0.00 0.00 0.00 0.00 0.00 -0.40 -4.43 -1.31 0.00 0.00 0.00 0.00 0.00 0.00 0.00 0.00 0.00 0.00 
	ELEVATION 0.00 0.00 0.00 0.00 0.00 0.00 1.80 1.80 0.00 -0.55 0.00 0.00 0.00 0.00 0.00 0.00 0.00 0.00 0.00 0.00 0.00 
	ELEVATION 0.00 0.00 0.00 0.00 0.00 0.00 1.80 1.80 0.00 0.00 0.00 0.00 0.60 0.00 0.00 0.90 1.80 0.00 0.00 0.00 0.00 
	ELEVATION 0.00 0.00 0.00 0.00 0.00 0.00 0.00 0.00 0.60 1.80 0.90 0.60 2.10 2.10 0.00 2.70 2.70 1.80 0.00 0.00 0.00 
	ELEVATION 0.00 0.00 0.00 0.00 0.00 0.00 0.00 0.00 1.80 1.80 1.80 0.00 2.10 2.10 1.20 4.50 3.90 0.60 0.00 0.00 0.00 
	ELEVATION 0.00 0.00 0.00 0.00 0.00 0.00 0.00 0.00 0.00 1.80 0.90 0.00 0.00 0.00 1.80 3.00 3.00 0.00 0.00 0.00 0.00 
	ELEVATION 0.00 0.00 0.00 0.00 0.00 0.00 0.00 0.00 0.00 0.00 0.00 0.00 0.00 0.00 0.00 2.10 1.20 0.00 0.00 0.00 0.00 
	ELEVATION 0.00 0.00 0.00 0.00 0.00 0.00 0.00 0.00 0.00 0.00 0.00 0.00 0.00 0.00 0.00 0.00 0.00 0.00 0.00 0.00 0.00 
	ELEVATION 0.00 0.00 0.00 0.00 0.00 0.00 0.00 0.00 0.00 0.00 0.00 0.00 0.00 0.00 0.00 0.00 0.00 0.00 0.00 0.00 0.00 
	ELEVATION 0.00 0.00 0.00 0.00 0.00 0.00 0.00 0.00 0.00 0.00 0.00 0.00 0.00 0.00 0.00 0.00 0.00 0.00 0.00 0.00 0.00 
RELATIVE_HEIGHT END

