#-------------------------------------------------
#MESH_DATA
#-------------------------------------------------
MESH_INIT START
	POS= 0.00 0.00 0.00
	PIECE_SIZE= 10.00 10.00
	PIECE_NUM= 10 10
	TEXTURE_PASS= data/TEXTURE/field000.jpg
MESH_INIT END

RELATIVE_HEIGHT START
	VERTEX_NUM= 121
	ELEVATION 0.00 0.00 0.00 0.00 0.00 0.00 0.00 0.00 0.00 0.00 0.00 
	ELEVATION 0.00 0.00 0.00 0.00 0.00 0.00 0.00 0.00 0.00 0.00 0.00 
	ELEVATION 0.00 0.00 0.00 0.00 0.00 0.00 0.00 0.00 0.00 0.00 0.00 
	ELEVATION 0.00 0.00 0.00 0.00 0.00 0.00 0.00 0.00 0.00 0.00 0.00 
	ELEVATION 0.00 0.00 0.00 0.00 0.00 0.00 0.00 0.00 0.00 0.00 0.00 
	ELEVATION 0.00 0.00 0.00 0.00 0.00 0.00 0.00 0.00 0.00 0.00 0.00 
	ELEVATION 0.00 0.00 0.00 0.00 0.00 0.00 0.00 0.00 0.00 0.00 0.00 
	ELEVATION 0.00 0.00 0.00 0.00 0.00 0.00 0.00 0.00 0.00 0.00 0.00 
	ELEVATION 0.00 0.00 0.00 0.00 0.00 0.00 0.00 0.00 0.00 0.00 0.00 
	ELEVATION 0.00 0.00 0.00 0.00 0.00 0.00 0.00 0.00 0.00 0.00 0.00 
	ELEVATION 0.00 0.00 0.00 0.00 0.00 0.00 0.00 0.00 0.00 0.00 0.00 
RELATIVE_HEIGHT END

