#-------------------------------------------------
#MESH_DATA
#-------------------------------------------------
MESH_INIT START
	POS= 0.00 0.00 0.00
	PIECE_SIZE= 10.00 10.00
	PIECE_NUM= 30 30
	TEXTURE_PASS= data/TEXTURE/field000.jpg
MESH_INIT END

RELATIVE_HEIGHT START
	VERTEX_NUM= 961
	ELEVATION 35.40 57.30 78.00 76.50 70.50 61.20 74.70 72.60 68.40 69.90 71.40 63.30 59.70 56.10 54.30 57.00 63.30 60.60 62.10 57.60 61.50 60.90 66.00 64.50 62.10 53.40 56.40 49.80 49.80 42.30 14.10 
	ELEVATION 33.90 59.40 79.50 74.40 70.20 59.70 76.50 72.30 69.60 69.60 71.10 65.40 58.20 52.50 53.10 57.00 63.60 63.00 63.00 57.90 68.40 59.70 66.60 65.10 63.60 65.70 56.70 57.90 52.50 51.60 46.80 
	ELEVATION 39.60 48.90 71.40 68.40 61.80 45.60 63.00 57.00 57.90 65.10 65.10 51.30 36.60 39.90 46.80 48.00 49.80 55.20 55.50 54.90 59.10 49.20 57.90 60.90 61.20 61.50 56.40 62.40 63.30 59.10 45.90 
	ELEVATION 39.90 44.40 36.00 34.20 39.30 29.10 5.70 0.00 0.00 0.90 0.00 0.00 0.00 2.70 2.40 3.00 3.60 0.00 9.30 4.20 4.80 13.20 13.80 14.70 12.00 30.30 46.80 61.50 64.20 58.50 46.50 
	ELEVATION 36.60 38.40 31.80 30.30 21.90 10.50 0.60 0.00 0.00 0.00 0.00 0.00 0.00 0.00 0.00 0.00 0.00 0.00 0.00 0.00 0.00 0.00 0.00 0.30 0.60 5.70 7.20 12.00 55.20 63.60 51.90 
	ELEVATION 39.60 44.40 45.90 37.20 26.70 9.30 0.00 0.00 0.00 0.00 0.00 0.00 0.00 0.00 0.00 0.00 0.00 0.00 0.00 0.00 0.00 0.00 0.60 1.50 1.80 7.80 12.30 34.80 68.10 66.90 59.10 
	ELEVATION 42.00 49.80 48.90 42.00 27.60 1.80 0.00 0.00 0.00 0.00 0.00 0.00 0.00 0.00 0.00 0.00 0.00 0.00 0.00 0.00 0.00 0.00 0.90 1.80 2.70 9.60 14.70 52.80 67.80 63.90 57.60 
	ELEVATION 28.50 41.10 42.00 29.70 11.70 3.00 0.00 0.00 0.00 0.00 1.20 0.00 0.00 0.00 0.00 0.00 0.00 0.00 0.00 0.00 0.00 0.00 1.50 2.10 4.50 8.70 12.60 45.30 62.40 59.70 53.40 
	ELEVATION 33.90 36.60 34.20 25.50 12.90 1.80 0.00 0.00 0.00 1.80 1.80 1.80 0.30 0.00 0.00 0.00 0.00 0.00 0.00 0.00 0.00 0.00 1.20 2.10 4.50 9.90 12.60 28.80 63.00 65.10 62.40 
	ELEVATION 40.50 42.30 35.70 26.70 10.50 0.00 0.00 0.00 1.80 1.80 1.80 1.80 1.80 0.00 0.00 0.00 0.00 0.00 0.00 0.00 0.00 0.00 0.00 2.10 5.70 9.90 13.20 31.50 62.10 64.20 57.30 
	ELEVATION 30.00 36.60 38.40 25.50 10.80 0.00 0.00 0.00 1.80 3.30 4.50 6.60 6.60 1.20 2.40 5.40 5.40 5.40 0.00 0.00 0.00 0.00 0.00 0.00 4.80 7.20 11.70 39.90 56.10 57.30 53.70 
	ELEVATION 31.80 36.30 36.00 32.70 9.60 0.00 0.00 0.00 0.30 4.20 6.60 6.60 4.80 5.40 5.40 5.40 5.40 5.40 5.40 0.00 0.00 0.00 0.00 0.60 6.00 7.80 9.30 39.90 57.30 58.80 56.10 
	ELEVATION 33.00 37.80 37.50 32.40 13.80 0.00 0.00 0.00 0.00 2.70 5.10 4.80 4.80 6.00 7.20 5.40 7.80 6.90 6.30 0.00 0.00 0.00 0.00 3.00 6.60 8.40 16.20 25.80 53.10 55.50 51.30 
	ELEVATION 37.20 40.80 39.00 19.50 12.00 0.00 0.00 0.00 0.00 1.80 4.80 4.80 4.80 5.10 5.40 9.90 10.20 10.20 9.30 0.00 0.00 0.00 0.00 4.50 6.00 6.90 15.00 33.00 55.80 63.00 59.40 
	ELEVATION 36.90 41.10 36.90 24.60 10.20 0.00 0.00 0.00 0.00 0.00 0.00 3.30 2.40 0.60 7.20 12.00 12.30 12.30 9.30 0.90 0.00 0.00 0.00 3.60 5.70 6.00 15.60 37.80 57.60 60.60 59.70 
	ELEVATION 36.00 40.80 39.60 34.20 8.40 0.00 0.00 0.00 0.00 0.00 0.00 0.00 0.00 0.00 3.00 10.50 10.50 9.90 6.90 1.80 0.00 0.00 0.00 1.80 4.80 8.10 15.90 42.30 52.20 56.10 52.50 
	ELEVATION 35.70 39.30 39.60 36.90 14.40 0.00 0.00 0.00 0.00 0.00 0.00 0.00 0.00 0.00 3.00 5.40 6.90 6.90 3.30 3.00 0.00 0.00 0.00 0.00 4.50 6.60 12.60 45.30 52.80 53.70 51.60 
	ELEVATION 36.60 39.90 39.00 35.10 13.80 0.00 0.00 0.00 0.00 0.00 0.00 0.00 0.00 0.00 3.00 3.00 3.00 3.30 3.00 2.10 0.00 0.00 0.00 0.00 2.40 4.50 6.00 36.00 58.50 59.70 55.80 
	ELEVATION 35.40 38.40 36.00 28.50 10.50 0.00 0.00 0.00 0.00 0.00 0.00 0.00 0.00 0.00 0.90 4.80 5.40 5.40 4.80 2.40 0.00 0.00 0.00 0.00 2.10 4.50 5.70 10.50 49.50 56.70 53.10 
	ELEVATION 32.40 35.70 33.00 22.80 7.80 0.00 0.00 0.00 0.00 0.00 0.00 0.00 0.00 0.00 0.00 3.00 3.90 3.60 2.70 2.40 0.00 0.00 0.00 0.00 0.00 3.90 6.00 15.60 49.20 54.90 49.20 
	ELEVATION 38.40 41.10 39.60 20.10 4.50 0.00 0.00 0.00 0.00 0.00 0.00 0.00 0.00 0.00 0.00 2.40 2.40 2.40 2.40 2.40 2.10 0.00 0.30 0.90 1.50 0.60 2.70 34.80 56.10 53.70 50.10 
	ELEVATION 37.80 38.10 37.80 30.30 0.00 0.00 0.00 0.00 0.00 0.00 0.00 0.00 0.00 0.00 0.00 2.40 2.40 2.40 2.40 2.40 0.00 0.00 1.80 2.70 3.60 3.90 1.80 23.40 54.00 56.70 53.10 
	ELEVATION 36.60 37.80 36.00 30.30 0.00 0.00 0.00 0.00 0.00 0.00 0.00 0.00 0.00 0.00 0.00 1.80 2.40 2.40 2.40 2.40 0.00 1.50 2.70 3.60 3.60 3.60 6.00 20.10 56.70 59.10 55.50 
	ELEVATION 37.80 42.30 44.40 21.60 0.00 0.00 0.00 0.00 0.00 0.00 0.00 0.00 0.00 0.00 0.00 0.00 0.00 0.00 0.00 0.00 0.00 1.50 3.60 3.60 3.60 3.90 9.00 32.40 57.60 62.10 53.10 
	ELEVATION 42.90 55.20 56.70 6.60 0.30 0.00 0.00 0.00 0.00 0.00 0.00 0.00 0.00 0.00 0.00 0.00 0.00 0.00 0.00 0.00 0.00 0.60 3.60 3.60 3.60 3.90 11.10 39.90 59.70 62.70 59.70 
	ELEVATION 48.60 57.90 53.10 6.90 0.60 0.30 0.00 0.00 0.00 0.00 0.00 0.00 0.00 0.00 0.00 0.00 0.00 0.00 0.00 0.00 0.00 0.00 2.40 3.90 3.90 3.60 12.60 39.90 64.50 62.40 57.60 
	ELEVATION 42.00 46.20 47.10 50.10 4.80 3.30 0.00 0.00 0.00 0.00 0.00 0.00 0.00 0.00 0.00 0.00 0.00 0.00 0.00 0.00 0.00 0.00 0.00 3.90 5.10 4.20 12.60 57.00 65.70 67.80 61.20 
	ELEVATION 38.70 56.40 61.20 62.40 58.80 30.30 20.10 27.90 23.40 42.30 33.30 25.80 20.70 40.50 25.80 32.10 14.70 15.90 15.60 15.30 15.60 17.10 22.20 24.90 19.50 21.30 46.20 63.90 68.40 64.80 48.90 
	ELEVATION 30.90 54.60 62.70 62.70 56.70 57.30 49.20 42.90 48.60 54.90 47.40 42.00 51.60 51.30 43.80 42.00 45.30 36.00 33.00 35.10 32.70 36.60 44.10 41.70 51.00 48.90 47.70 64.20 62.10 58.80 44.10 
	ELEVATION 24.00 42.90 54.00 52.50 51.60 56.40 51.30 48.00 51.90 56.70 52.80 49.80 56.70 56.10 45.60 47.70 48.00 41.10 39.90 39.30 41.70 41.70 48.00 45.60 53.10 53.40 50.40 48.60 56.70 48.30 33.90 
	ELEVATION 0.60 14.40 22.50 34.80 42.90 52.20 48.90 46.20 48.30 52.80 49.50 47.40 56.10 51.00 41.10 45.90 48.30 40.20 39.00 38.10 42.60 40.50 47.70 45.90 48.00 50.10 46.80 31.50 35.40 29.70 11.70 
RELATIVE_HEIGHT END

